Combatant
10  12  1   1   0   6   8   8   3   1   0   1   7   1   3   2   4   1   1d4     1d4     1d6     0d0     0d0
10  12  2   2   0   13  9   9   3   2   1   1   9   1   4   2   6   3   1d4     1d6     1d6     0d0     0d0
11  13  3   3   1   20  10  9   4   2   1   1   10  1   5   2   8   5   1d4     1d6     1d6     0d0     0d0
13  15  4   4   1   25  11  10  4   2   1   2   12  1   7   2   10  7   1d4     1d6     1d6     0d0     0d0
14  16  5   5   2   40  12  11  4   2   1   2   13  1   8   2   11  8   1d4     1d6     1d6     0d0     0d0
16  18  6   6   3   50  13  11  5   3   1   2   15  1   10  2   12  9   1d4     1d6     1d6     0d0     0d0
17  19  7   7   4   70  13  11  5   3   2   2   16  1   11  2   14  11  1d6     1d8     1d6     0d0     0d0
18  20  8   8   5   90  14  12  5   3   2   2   18  1   13  2   16  13  1d10    2d6     1d8     1d4     0d0
19  21  9   9   6   105 15  13  5   4   2   2   19  1   14  2   17  14  2d6     2d8     2d6     1d8     1d6
20  22  10  10  7   125 16  13  6   4   2   2   21  1   16  2   19  16  2d8     3d6     3d4     1d10    1d6
22  24  11  11  8   145 16  13  6   4   3   2   22  1   17  2   21  18  3d6     5d4     2d10    2d6     1d10
23  25  12  12  9   165 17  14  8   5   3   2   24  1   19  2   22  19  2d10    4d6     2d10    3d4     1d10
24  26  13  13  10  180 18  14  8   5   3   2   25  1   20  2   23  20  3d8     3d10    4d6     2d8     2d6
26  28  14  14  11  200 19  15  8   5   4   3   27  1   22  2   25  22  6d4     4d8     6d4     3d6     3d4
27  29  15  15  12  225 19  15  8   6   4   3   28  1   23  2   26  23  5d6     6d6     3d12    2d12    2d8
28  30  16  16  12  250 20  15  8   6   4   3   30  1   25  2   27  24  3d12    5d10    8d6     4d8     4d6
29  31  17  17  13  275 21  16  9   7   5   3   31  1   26  2   28  25  5d8     8d6     8d6     3d12    6d4
30  32  18  18  14  300 22  16  10  7   5   3   33  1   28  2   30  27  7d6     6d10    6d10    5d8     3d10
31  33  19  19  15  340 22  16  11  8   5   3   34  1   29  2   31  28  8d6     6d12    6d12    4d12    3d12
32  34  19  19  16  375 23  17  11  8   6   4   36  1   31  2   32  29  6d10    8d10    13d6    8d6     5d8
33  35  20  20  16  415 24  18  11  9   6   4   37  1   32  2   33  30  8d8     9d10    15d6    6d10    4d12
35  37  21  21  17  465 25  19  12  9   6   4   39  1   34  2   34  31  12d6    16d6    11d10   6d12    8d6
36  38  22  22  18  500 25  19  12  10  7   4   40  1   35  2   35  32  13d6    18d6    12d10   8d10    6d10
38  40  22  22  18  550 26  20  13  10  7   4   42  1   37  2   36  33  12d8    20d6    21d6    9d10    8d8
39  41  23  23  19  600 27  21  13  11  7   4   43  1   38  2   37  34  17d6    14d10   24d6    10d10   12d6
41  43  24  24  20  650 28  22  15  11  8   4   45  1   40  2   39  36  10d12   19d8    14d12   11d10   13d6
42  44  25  25  21  700 28  22  15  12  8   4   46  1   41  2   40  37  13d10   14d12   18d10   12d10   9d10
Expert
10  11  0   0   2   6   10  10  3   1   0   1   7   3   3   2   2   0   1d4     1d4     1d4     0d0     0d0
10  11  0   0   3   12  11  11  3   2   1   1   9   3   4   2   4   2   1d4     1d4     1d4     0d0     0d0
11  12  1   1   4   17  12  11  4   2   1   1   10  3   5   2   6   4   1d4     1d4     1d4     0d0     0d0
13  14  1   1   5   23  13  12  4   2   1   1   12  3   7   2   8   6   1d4     1d4     1d4     0d0     0d0
14  15  2   2   6   35  14  13  4   2   1   2   13  3   8   2   9   7   1d4     1d4     1d4     0d0     0d0
16  17  3   3   7   45  15  13  5   3   1   2   15  3   10  2   10  8   1d4     1d4     1d4     0d0     0d0
17  18  4   4   8   65  15  13  5   3   2   2   16  3   11  2   12  10  1d4     1d6     1d4     0d0     0d0
18  19  5   5   9   80  16  14  5   3   2   2   18  3   13  2   14  12  1d6     1d8     1d6     1d4     0d0
19  20  6   6   10  100 17  15  5   4   2   2   19  3   14  2   15  13  1d8     1d12    1d8     1d4     1d4
20  21  7   7   11  115 18  15  6   4   2   2   21  3   16  2   17  15  1d10    2d6     1d12    1d8     1d4
22  23  8   8   12  135 18  15  6   4   3   2   22  3   17  2   19  17  2d6     2d8     3d4     1d10    1d6
23  24  9   9   13  150 19  16  8   5   3   2   24  3   19  2   20  18  3d4     2d8     2d8     1d10    1d8
24  25  10  10  14  170 20  16  8   5   3   2   25  3   20  2   21  19  2d8     2d10    2d10    3d4     1d10
26  27  11  11  15  185 21  17  8   5   4   3   27  3   22  2   23  21  2d8     2d10    2d12    3d4     1d12
27  28  12  12  16  210 21  17  8   6   4   3   28  3   23  2   24  22  2d10    4d6     6d4     3d6     3d4
28  29  12  12  17  235 22  17  8   6   4   3   30  3   25  2   25  23  5d4     4d8     6d6     4d6     3d6
29  30  13  13  18  255 23  18  9   7   5   3   31  3   26  2   26  24  4d6     6d6     5d8     6d4     2d10
30  31  14  14  19  280 24  18  10  7   5   3   33  3   28  2   28  26  6d4     5d8     6d8     4d8     3d8
31  32  15  15  20  315 24  18  11  8   5   3   34  3   29  2   29  27  4d8     6d8     8d6     3d12    6d4
32  33  16  16  20  350 25  19  11  8   6   3   36  3   31  2   30  28  3d12    8d6     8d8     5d8     4d8
33  34  16  16  21  385 26  20  11  9   6   4   37  3   32  2   31  29  5d8     6d10    9d8     6d8     3d12
35  36  17  17  22  430 27  21  12  9   6   4   39  3   34  2   32  30  4d12    8d8     13d6    9d6     5d8
36  37  18  18  23  465 27  21  12  10  7   4   40  3   35  2   33  31  8d6     6d12    15d6    10d6    4d12
38  39  18  18  23  500 28  22  13  10  7   4   42  3   37  2   34  32  6d10    8d10    17d6    6d12    8d6
39  40  19  19  24  550 29  23  13  11  7   4   43  3   38  2   35  33  8d8     13d6    12d10   8d10    6d10
41  42  20  20  25  600 30  24  15  11  8   4   45  3   40  2   37  35  9d8     15d6    21d6    9d10    8d8
42  43  21  21  26  650 30  24  15  12  8   4   46  3   41  2   38  36  8d10    16d6    12d12   15d6    6d12
Spellcaster
9   10  0   0   2   5   10  12  3   1   0   1   7   2   3   1   0   -2  1d4     1d4     1d4     0d0     0d0
9   10  0   0   3   11  11  13  3   2   1   1   9   2   4   1   2   0   1d4     1d4     1d4     0d0     0d0
10  11  1   1   4   16  12  13  4   2   1   1   10  2   5   1   4   2   1d4     1d4     1d4     0d0     0d0
12  13  1   1   5   21  13  14  4   2   1   2   12  2   7   1   6   4   1d4     1d4     1d4     0d0     0d0
13  14  2   2   6   32  14  15  4   2   1   2   13  2   8   1   7   5   1d4     1d4     1d4     0d0     0d0
15  16  3   3   7   43  15  15  5   3   1   2   15  2   10  1   8   6   1d4     1d4     1d4     0d0     0d0
16  17  4   4   8   60  15  15  5   3   2   2   16  2   11  1   10  8   1d4     1d6     1d4     0d0     0d0
17  18  5   5   9   75  16  16  5   3   2   2   18  2   13  1   12  10  1d6     1d8     1d6     1d4     0d0
18  19  6   6   10  90  17  17  5   4   2   2   19  2   14  1   13  11  1d8     1d12    1d8     1d4     1d4
19  20  7   7   11  105 18  17  6   4   2   2   21  2   16  1   15  13  1d10    2d6     1d12    1d8     1d4
21  22  8   8   12  120 18  17  6   4   3   2   22  2   17  1   17  15  2d6     2d8     3d4     1d10    1d6
22  23  9   9   13  140 19  18  8   5   3   2   24  2   19  1   18  16  3d4     2d8     2d8     1d10    1d8
23  24  10  10  14  155 20  18  8   5   3   2   25  2   20  1   19  17  2d8     2d10    2d10    3d4     1d10
25  26  11  11  15  170 21  19  8   5   4   3   27  2   22  1   21  19  2d8     2d10    2d12    3d4     1d12
26  27  12  12  16  190 21  19  8   6   4   3   28  2   23  1   22  20  2d10    4d6     6d4     4d6     3d4
27  28  12  12  17  215 22  19  8   6   4   3   30  2   25  1   23  21  5d4     4d8     6d6     4d6     3d6
28  29  13  13  18  235 23  20  9   7   5   3   31  2   26  1   24  22  4d6     6d6     5d8     6d4     2d10
29  30  14  14  19  255 24  20  10  7   5   3   33  2   28  1   26  24  6d4     5d8     6d8     4d8     3d8
30  31  15  15  20  285 24  20  11  8   5   3   34  2   29  1   27  25  4d8     4d12    8d6     3d12    6d4
31  32  16  16  20  320 25  21  11  8   6   4   36  2   31  1   28  26  3d12    8d6     8d8     5d8     4d8
32  33  16  16  21  350 26  22  11  9   6   4   37  2   32  1   29  27  5d8     6d10    9d8     6d8     3d12
34  35  17  17  22  395 27  23  12  9   6   4   39  2   34  1   30  28  4d12    8d8     13d6    9d6     5d8
35  36  18  18  23  425 27  23  12  10  7   4   40  2   35  1   31  29  8d6     6d12    15d6    10d6    4d12
37  38  18  18  23  470 28  24  13  10  7   4   42  2   37  1   32  30  6d10    8d10    17d6    6d12    8d6
38  39  19  19  24  510 29  25  13  11  7   4   43  2   38  1   33  31  8d8     13d6    12d10   8d10    6d10
40  41  20  20  25  550 30  26  15  11  8   4   45  2   40  1   35  33  9d8     15d6    21d6    9d10    8d8
41  42  21  21  26  600 30  26  15  12  8   4   46  2   41  1   36  34  8d10    16d6    12d12   15d6    6d12
